test
shape, ignored
dim, 1  ignored
size, 2 ignored
m12= 26, 0, 1
    0      0   7.215883247182
    1      0   3.589383707089
    2      0   3.270522384057
    3      0   27.045328235166
    4      0   18.238666114424
    5      0   13.536325514625
    6      0   1.000000000000
    7      0   1.000000000000
    8      0   16713765.330318709835
    9      0   51092371.455650143325
   10      0   710.322072977059
   11      0   2119.468656507264
   12      0   23.195806671348
   13      0   63.691841627551
   14      0   4.924165883120
   15      0   12.026592807544
   16      0   2.084030020227
   17      0   4.686402506042
   18      0   1.237215421570
   19      0   2.603762737630
   20      0   0.879929118190
   21      0   1.761278645462
   22      0   0.695541777522
   23      0   1.340830873418
   24      0   0.587323019091
   25      0   1.097977737028
m12= 26, 0, 1
    0      0   -4.280535742674
    1      0   -8.931177203462
    2      0   -14.536463819362
    3      0   -19.685528742090
    4      0   -36.801026384583
    5      0   -47.969623632757
    6      0   -0.000000000000
    7      0   -0.000000000000
    8      0   -0.626130103896
    9      0   -0.644419472616
   10      0   -1.639594967478
   11      0   -1.638387035537
   12      0   -2.971194767638
   13      0   -2.734377407452
   14      0   -4.525347693666
   15      0   -3.739141366746
   16      0   -5.951506365762
   17      0   -4.601360894171
   18      0   -7.280987645415
   19      0   -5.332942649150
   20      0   -8.464514955462
   21      0   -5.949018882549
   22      0   -9.488962544908
   23      0   -6.464043478822
   24      0   -10.362236581735
   25      0   -6.875218352499
